[
    [
        [
            -0.24915610952152323,
            0.9423420802478526,
            -0.22341136247346088,
            -0.012312781506545144
        ],
        [
            -0.33009888095899836,
            -0.29950638280368325,
            -0.895170740948044,
            -0.6768802093988278
        ],
        [
            -0.9104701872536605,
            -0.14928941842609927,
            0.3856899112866206,
            0.768964636892987
        ],
        [
            0.0,
            0.0,
            0.0,
            1.0
        ]
    ],
    [
        [
            -0.24877563500166472,
            0.9423809460685519,
            -0.2236712675254901,
            -0.012243129921071471
        ],
        [
            -0.33060995709167235,
            -0.2996837000840408,
            -0.894922754306639,
            -0.6768971436651041
        ],
        [
            -0.910388784916291,
            -0.1486870283208307,
            0.3861145269317892,
            0.768964041860994
        ],
        [
            0.0,
            0.0,
            0.0,
            1.0
        ]
    ],
    [
        [
            -0.24844629529973183,
            0.9424336588279056,
            -0.2238151850525006,
            -0.012149640537265114
        ],
        [
            -0.33170443840995656,
            -0.29986589095503424,
            -0.8944566020667961,
            -0.6769176239521214
        ],
        [
            -0.9100805480236207,
            -0.14798393882442173,
            0.3871099972346827,
            0.7689372848567083
        ],
        [
            0.0,
            0.0,
            0.0,
            1.0
        ]
    ],
    [
        [
            -0.24877587113231645,
            0.9424954260657052,
            -0.2231881219679528,
            -0.012115806135962217
        ],
        [
            -0.33351068979519094,
            -0.2996981098236853,
            -0.8938409605519575,
            -0.6769169674350091
        ],
        [
            -0.9093300752392901,
            -0.14793043910343456,
            0.38888995802408177,
            0.7688459151109726
        ],
        [
            0.0,
            0.0,
            0.0,
            1.0
        ]
    ],
    [
        [
            -0.25020094924926994,
            0.9426181824996076,
            -0.22106661216904888,
            -0.012240130640079196
        ],
        [
            -0.33616718767238174,
            -0.2987014787024036,
            -0.8931791805418658,
            -0.6768659172619402
        ],
        [
            -0.9079598597554882,
            -0.1491589375201296,
            0.3916126969732469,
            0.768657763525187
        ],
        [
            0.0,
            0.0,
            0.0,
            1.0
        ]
    ],
    [
        [
            -0.2527596235321481,
            0.9428893779904024,
            -0.21696127208503985,
            -0.012597928799280206
        ],
        [
            -0.3397385272863609,
            -0.29645733165630905,
            -0.8925753657728381,
            -0.6767431632874754
        ],
        [
            -0.9059195912381968,
            -0.1518969103704651,
            0.39526829221520604,
            0.7683638450646444
        ],
        [
            0.0,
            0.0,
            0.0,
            1.0
        ]
    ],
    [
        [
            -0.2560988039529255,
            0.9433626221227807,
            -0.21090368843505958,
            -0.01320185341004072
        ],
        [
            -0.3441142544477353,
            -0.2928584335405006,
            -0.8920870572932238,
            -0.6765496874575884
        ],
        [
            -0.9033265093529362,
            -0.15588746288857164,
            0.3996252199428909,
            0.7679861503130574
        ],
        [
            0.0,
            0.0,
            0.0,
            1.0
        ]
    ],
    [
        [
            -0.25966617515618373,
            0.9440010773171357,
            -0.2035569785191486,
            -0.013985127496376006
        ],
        [
            -0.34894899856979394,
            -0.2882655603003813,
            -0.8917048632489593,
            -0.6763163510284318
        ],
        [
            -0.9004488180218218,
            -0.1605145874018752,
            0.4042610460510755,
            0.7675736647576943
        ],
        [
            0.0,
            0.0,
            0.0,
            1.0
        ]
    ],
    [
        [
            -0.26293146494334607,
            0.9446861224536305,
            -0.19604890916878465,
            -0.014821944246772606
        ],
        [
            -0.35370751745711965,
            -0.2834325204948903,
            -0.8913792674390822,
            -0.6760971644886975
        ],
        [
            -0.8976402602585667,
            -0.16502768364561737,
            0.4086659109755726,
            0.7671881087791237
        ],
        [
            0.0,
            0.0,
            0.0,
            1.0
        ]
    ],
    [
        [
            -0.2655059654133112,
            0.9452845037732498,
            -0.18958847342627744,
            -0.01557479141212448
        ],
        [
            -0.3578201613208005,
            -0.2792171497368868,
            -0.8910681878763066,
            -0.6759486377172748
        ],
        [
            -0.8952493029778363,
            -0.16874534132523367,
            0.4123756725350423,
            0.7668845491160359
        ],
        [
            0.0,
            0.0,
            0.0,
            1.0
        ]
    ],
    [
        [
            -0.2671454652265942,
            0.9457178211085142,
            -0.1850705358684388,
            -0.01613961094575833
        ],
        [
            -0.36086653074409786,
            -0.27625355002924457,
            -0.8907633373039996,
            -0.6759056158614614
        ],
        [
            -0.8935371550179578,
            -0.17117762392907604,
            0.4150777923093576,
            0.7666948368587052
        ],
        [
            0.0,
            0.0,
            0.0,
            1.0
        ]
    ],
    [
        [
            -0.2677217721641453,
            0.9459830694631733,
            -0.18286903783397035,
            -0.016464465706514646
        ],
        [
            -0.3626728164624359,
            -0.27478040221798516,
            -0.8904853501075278,
            -0.675967871023115
        ],
        [
            -0.8926328925759421,
            -0.17208068702197493,
            0.41664704036576494,
            0.7666212531534734
        ],
        [
            0.0,
            0.0,
            0.0,
            1.0
        ]
    ],
    [
        [
            -0.2672464642747242,
            0.9461169044855378,
            -0.1828718960894815,
            -0.016540446277425517
        ],
        [
            -0.3632739116883293,
            -0.27468985022006276,
            -0.8902682468069605,
            -0.6761052666198412
        ],
        [
            -0.8925308915770469,
            -0.1714884521849302,
            0.4171094800503801,
            0.7666419987991688
        ],
        [
            0.0,
            0.0,
            0.0,
            1.0
        ]
    ],
    [
        [
            -0.26593667992328907,
            0.9461377527360403,
            -0.184664655846682,
            -0.01638168315990259
        ],
        [
            -0.36279672100006655,
            -0.2757100932931552,
            -0.8901474505315843,
            -0.676277118970323
        ],
        [
            -0.893116017941106,
            -0.16972712601076778,
            0.41657710113872914,
            0.766723195966923
        ],
        [
            0.0,
            0.0,
            0.0,
            1.0
        ]
    ],
    [
        [
            -0.264221638457133,
            0.9460124076198191,
            -0.18774304354724114,
            -0.016009759586825326
        ],
        [
            -0.3613659577437817,
            -0.27758570555130835,
            -0.8901465163991271,
            -0.6764529290318133
        ],
        [
            -0.894204434318544,
            -0.16735202628870532,
            0.41520082965008276,
            0.766830745009096
        ],
        [
            0.0,
            0.0,
            0.0,
            1.0
        ]
    ],
    [
        [
            -0.2626013056656622,
            0.9456720821671623,
            -0.19168950746536229,
            -0.015445612556790531
        ],
        [
            -0.35908415361472806,
            -0.2801705688700836,
            -0.8902600872564196,
            -0.6766226653467539
        ],
        [
            -0.8955998687390946,
            -0.16495079675053848,
            0.4131490164164484,
            0.7669399098279223
        ],
        [
            0.0,
            0.0,
            0.0,
            1.0
        ]
    ],
    [
        [
            -0.261398165041814,
            0.9450643207090214,
            -0.1962764097785789,
            -0.014706956722058498
        ],
        [
            -0.35605915669399935,
            -0.2834167482891592,
            -0.8904475412530248,
            -0.6767930054045288
        ],
        [
            -0.8971582225266235,
            -0.16287534040484902,
            0.4105834229981453,
            0.7670431050847467
        ],
        [
            0.0,
            0.0,
            0.0,
            1.0
        ]
    ],
    [
        [
            -0.2605763531078541,
            0.9442032170805456,
            -0.20144539968874725,
            -0.013813646336741838
        ],
        [
            -0.3524291676100674,
            -0.28728206396524714,
            -0.8906529613387826,
            -0.6769746650072043
        ],
        [
            -0.8988290415972806,
            -0.16108786601918795,
            0.40762366639180586,
            0.7671527941692635
        ],
        [
            0.0,
            0.0,
            0.0,
            1.0
        ]
    ],
    [
        [
            -0.2597894959867022,
            0.9431860506984593,
            -0.20714606330514368,
            -0.012803642868883138
        ],
        [
            -0.3483719847533791,
            -0.2916054888040356,
            -0.8908440936203993,
            -0.6771699852550669
        ],
        [
            -0.9006366514938011,
            -0.15926805287691204,
            0.4043356394368799,
            0.7672934202791899
        ],
        [
            0.0,
            0.0,
            0.0,
            1.0
        ]
    ],
    [
        [
            -0.2586415895705646,
            0.9421683756909456,
            -0.21312737973403784,
            -0.01175124925082951
        ],
        [
            -0.3441134472430159,
            -0.2960269914018202,
            -0.8910409394568325,
            -0.6773684287148356
        ],
        [
            -0.9026020516101985,
            -0.1571202476114134,
            0.40077769925432283,
            0.7674821004157646
        ],
        [
            0.0,
            0.0,
            0.0,
            1.0
        ]
    ],
    [
        [
            -0.2569655490534951,
            0.9413129493272014,
            -0.21885757475710294,
            -0.010768894895427907
        ],
        [
            -0.3399275649113516,
            -0.3000272569757635,
            -0.8913096519644773,
            -0.6775527333007308
        ],
        [
            -0.9046645550772254,
            -0.15464015164414546,
            0.39707488750410935,
            0.7677089598382358
        ],
        [
            0.0,
            0.0,
            0.0,
            1.0
        ]
    ],
    [
        [
            -0.25491383434256354,
            0.9407362301389588,
            -0.2236834423123712,
            -0.009980224720536864
        ],
        [
            -0.33608694132955425,
            -0.30310048039988524,
            -0.8917262285304293,
            -0.6777130551584503
        ],
        [
            -0.9066777293661274,
            -0.1521362681456942,
            0.39343366783510614,
            0.7679320331604229
        ],
        [
            0.0,
            0.0,
            0.0,
            1.0
        ]
    ],
    [
        [
            -0.25281292921059373,
            0.9404704496355762,
            -0.2271584385098127,
            -0.009473993725685262
        ],
        [
            -0.33273999326159265,
            -0.3049789536267934,
            -0.8923407055205885,
            -0.6778628664121725
        ],
        [
            -0.9084986074332941,
            -0.1500105703174388,
            0.3900347536884401,
            0.76809228366774
        ],
        [
            0.0,
            0.0,
            0.0,
            1.0
        ]
    ],
    [
        [
            -0.25090266225131685,
            0.9404545043621992,
            -0.22933202850899764,
            -0.009265615779428981
        ],
        [
            -0.3297616427661249,
            -0.305778817105427,
            -0.8931721972664581,
            -0.6780499986686918
        ],
        [
            -0.9101126924921925,
            -0.14847437568299787,
            0.38684654157709086,
            0.7681390690423213
        ],
        [
            0.0,
            0.0,
            0.0,
            1.0
        ]
    ],
    [
        [
            -0.24912555360916175,
            0.9405635942139381,
            -0.2308172085835175,
            -0.009290175349984378
        ],
        [
            -0.3266807578546609,
            -0.3059757453388612,
            -0.8942362806953388,
            -0.6783585330370444
        ],
        [
            -0.9117105576806891,
            -0.1473735678596632,
            0.3834904047168327,
            0.7680487354477228
        ],
        [
            0.0,
            0.0,
            0.0,
            1.0
        ]
    ],
    [
        [
            -0.24705338134027455,
            0.9406729529157787,
            -0.23259196551266764,
            -0.009431535146100147
        ],
        [
            -0.32276781504326424,
            -0.30621117379792007,
            -0.8955755996081497,
            -0.6789000201618027
        ],
        [
            -0.9136660026183168,
            -0.14618177962389522,
            0.37926945957387187,
            0.7678250155110722
        ],
        [
            0.0,
            0.0,
            0.0,
            1.0
        ]
    ],
    [
        [
            -0.2439451398158797,
            0.9407309380670174,
            -0.2356184859550724,
            -0.009573530341755584
        ],
        [
            -0.3172713967774684,
            -0.30700523280449465,
            -0.8972662078879001,
            -0.6797943242068512
        ],
        [
            -0.9164221895758992,
            -0.1441287243897198,
            0.3733594531529998,
            0.7674838009368201
        ],
        [
            0.0,
            0.0,
            0.0,
            1.0
        ]
    ],
    [
        [
            -0.2389039244490551,
            0.9408079929292691,
            -0.24042719339384333,
            -0.009650892548850924
        ],
        [
            -0.3096884878289442,
            -0.3084871046872145,
            -0.8994046624005912,
            -0.6811426352565212
        ],
        [
            -0.9203357840424669,
            -0.14041376956018226,
            0.3650561846193514,
            0.7670356090244641
        ],
        [
            0.0,
            0.0,
            0.0,
            1.0
        ]
    ],
    [
        [
            -0.23111790305060265,
            0.9410927301576902,
            -0.2468379795206493,
            -0.009677419228256805
        ],
        [
            -0.29991963352370965,
            -0.31026609615311385,
            -0.9020993088373974,
            -0.6829996534393539
        ],
        [
            -0.925544557715346,
            -0.13445974424433121,
            0.3539602362713263,
            0.7664791946277659
        ],
        [
            0.0,
            0.0,
            0.0,
            1.0
        ]
    ],
    [
        [
            -0.22015801775518298,
            0.9418208857328101,
            -0.25397611386816105,
            -0.00973528017921848
        ],
        [
            -0.28823089557049353,
            -0.3115475722212273,
            -0.9054617943799119,
            -0.6853560386854214
        ],
        [
            -0.931908470857916,
            -0.12614091104999886,
            0.3400515732984285,
            0.7658094621746543
        ],
        [
            0.0,
            0.0,
            0.0,
            1.0
        ]
    ],
    [
        [
            -0.20624147030558673,
            0.9431534509344689,
            -0.2606262149450664,
            -0.009926413449241242
        ],
        [
            -0.2750832828112798,
            -0.3114962310713133,
            -0.9095599406010229,
            -0.6881402513451138
        ],
        [
            -0.9390386804833755,
            -0.11589506468684996,
            0.32368918816863756,
            0.7650296762548512
        ],
        [
            0.0,
            0.0,
            0.0,
            1.0
        ]
    ],
    [
        [
            -0.19032068067132168,
            0.9450644459663923,
            -0.2657653692245112,
            -0.010311372629852928
        ],
        [
            -0.2609875760969632,
            -0.3096788051632239,
            -0.914321892309109,
            -0.6912398934766294
        ],
        [
            -0.9463950145852611,
            -0.10465290537254096,
            0.3055883599963345,
            0.764153473834851
        ],
        [
            0.0,
            0.0,
            0.0,
            1.0
        ]
    ],
    [
        [
            -0.17389993749248253,
            0.9473161495309289,
            -0.2689812717978806,
            -0.010872997913377862
        ],
        [
            -0.24648772546505204,
            -0.3063205719833424,
            -0.919462619346139,
            -0.6945333519194952
        ],
        [
            -0.9534162852265404,
            -0.09359391015281132,
            0.2867709313147546,
            0.763192742013996
        ],
        [
            0.0,
            0.0,
            0.0,
            1.0
        ]
    ],
    [
        [
            -0.15861803288479154,
            0.9495470402506756,
            -0.27055634901983205,
            -0.011525448178265901
        ],
        [
            -0.23220386003640364,
            -0.3022155910668689,
            -0.9245253397826894,
            -0.697919454098955
        ],
        [
            -0.9596466469633255,
            -0.08382216214871224,
            0.2684253305944905,
            0.7621443109530036
        ],
        [
            0.0,
            0.0,
            0.0,
            1.0
        ]
    ],
    [
        [
            -0.14577882631713934,
            0.9514125738719559,
            -0.27122435007929774,
            -0.01215620635444483
        ],
        [
            -0.2187786132177108,
            -0.29836807161404955,
            -0.9290384342102584,
            -0.7013349800230639
        ],
        [
            -0.9648235342258877,
            -0.07609604536146058,
            0.25164447080000363,
            0.7609924301740134
        ],
        [
            0.0,
            0.0,
            0.0,
            1.0
        ]
    ],
    [
        [
            -0.13605039234418428,
            0.9526934299241359,
            -0.2717821173704757,
            -0.012671069164829922
        ],
        [
            -0.2066969980082521,
            -0.29559182230605907,
            -0.932685276821801,
            -0.704753729538431
        ],
        [
            -0.9688997067588418,
            -0.0707156500724464,
            0.2371342553859758,
            0.7597275613845094
        ],
        [
            0.0,
            0.0,
            0.0,
            1.0
        ]
    ],
    [
        [
            -0.1294447968504483,
            0.9533354776623153,
            -0.27275540617687305,
            -0.013021735216426154
        ],
        [
            -0.19613964591654437,
            -0.294251698695397,
            -0.9353850421695898,
            -0.7081676809831882
        ],
        [
            -0.9719944875708288,
            -0.06758257797123546,
            0.22507623438889124,
            0.7583624845154027
        ],
        [
            0.0,
            0.0,
            0.0,
            1.0
        ]
    ],
    [
        [
            -0.1255192748339031,
            0.9534360194492254,
            -0.2742346959485384,
            -0.013213558116154583
        ],
        [
            -0.18703013305140026,
            -0.2942054370437288,
            -0.9372635115828867,
            -0.7115614399753725
        ],
        [
            -0.9743021302326842,
            -0.06635448463159604,
            0.21524971868350642,
            0.7569279196956777
        ],
        [
            0.0,
            0.0,
            0.0,
            1.0
        ]
    ],
    [
        [
            -0.12364210740447906,
            0.9531966180059601,
            -0.2759145460075977,
            -0.013297677922918364
        ],
        [
            -0.17923612897702074,
            -0.29492672828843686,
            -0.9385588074331896,
            -0.7148978319836781
        ],
        [
            -0.9760056553862339,
            -0.06659153371922039,
            0.20731263418086682,
            0.7554518129435182
        ],
        [
            0.0,
            0.0,
            0.0,
            1.0
        ]
    ],
    [
        [
            -0.12319493206589205,
            0.9528503122839714,
            -0.27730721428339783,
            -0.013349651736340413
        ],
        [
            -0.1727209577979062,
            -0.29575843500304544,
            -0.9395181844232304,
            -0.7181257527871773
        ],
        [
            -0.9772361431356569,
            -0.06784711124939247,
            0.20101315888383636,
            0.7539439795887515
        ],
        [
            0.0,
            0.0,
            0.0,
            1.0
        ]
    ],
    [
        [
            -0.12367468925720851,
            0.9525739697635023,
            -0.27804208919898354,
            -0.013437743931148539
        ],
        [
            -0.1675010122454122,
            -0.296212342074778,
            -0.9403199770819172,
            -0.7212047648709373
        ],
        [
            -0.9780838318538424,
            -0.06972144958029258,
            0.19619107353426532,
            0.752401373826249
        ],
        [
            0.0,
            0.0,
            0.0,
            1.0
        ]
    ],
    [
        [
            -0.12472094266694772,
            0.9524131849351041,
            -0.27812553212899954,
            -0.013590281625769413
        ],
        [
            -0.16346911097003286,
            -0.296208254994388,
            -0.941030562432404,
            -0.724128863532159
        ],
        [
            -0.9786329936288347,
            -0.07190128534978252,
            0.19263350940611063,
            0.7508272050198936
        ],
        [
            0.0,
            0.0,
            0.0,
            1.0
        ]
    ],
    [
        [
            -0.12609309239165312,
            0.9522572389396768,
            -0.27804079365822043,
            -0.01377704985045343
        ],
        [
            -0.1602769685482625,
            -0.29615138968692634,
            -0.9415973915317957,
            -0.7269332048998183
        ],
        [
            -0.9789850996844075,
            -0.07416539134586575,
            0.18996754807709998,
            0.749243415279865
        ],
        [
            0.0,
            0.0,
            0.0,
            1.0
        ]
    ],
    [
        [
            -0.127597872524764,
            0.9518901813080032,
            -0.27861059860775306,
            -0.013919031220302261
        ],
        [
            -0.15741345349280245,
            -0.29678201965384815,
            -0.9418818596138541,
            -0.729678771009453
        ],
        [
            -0.9792547102703274,
            -0.07632506494985286,
            0.1877090750970164,
            0.7476830503112046
        ],
        [
            0.0,
            0.0,
            0.0,
            1.0
        ]
    ],
    [
        [
            -0.12898529282778837,
            0.9511076085892063,
            -0.2806369738966166,
            -0.013929398410177398
        ],
        [
            -0.15443804438007208,
            -0.29881474489591764,
            -0.9417317233059775,
            -0.7324230840478354
        ],
        [
            -0.9795466730494204,
            -0.07812851666650455,
            0.185429906437185,
            0.7461678536670473
        ],
        [
            0.0,
            0.0,
            0.0,
            1.0
        ]
    ],
    [
        [
            -0.1298917561741591,
            0.94984314462471,
            -0.28447518747236145,
            -0.01376747811268246
        ],
        [
            -0.1511898708038058,
            -0.3025242500975776,
            -0.941074227183609,
            -0.7351941404441527
        ],
        [
            -0.9799335460347918,
            -0.07922801721828382,
            0.1829020684501354,
            0.7446892284383446
        ],
        [
            0.0,
            0.0,
            0.0,
            1.0
        ]
    ],
    [
        [
            -0.12992358512189406,
            0.9482283765775229,
            -0.28979787418514585,
            -0.013471118696259148
        ],
        [
            -0.1478022319435902,
            -0.30753116106970213,
            -0.9399888750424732,
            -0.7379839158200376
        ],
        [
            -0.9804460017061456,
            -0.07929395200314193,
            0.18010582143327936,
            0.7432076655967059
        ],
        [
            0.0,
            0.0,
            0.0,
            1.0
        ]
    ],
    [
        [
            -0.12887296151027822,
            0.9465404734188836,
            -0.2957243513333421,
            -0.013141466969610422
        ],
        [
            -0.14450133272677695,
            -0.3129525816699192,
            -0.938711908130667,
            -0.7407645487992276
        ],
        [
            -0.9810765131383767,
            -0.0782420207183338,
            0.17710748590095277,
            0.7416710937601516
        ],
        [
            0.0,
            0.0,
            0.0,
            1.0
        ]
    ],
    [
        [
            -0.1269155709901896,
            0.9450646075725329,
            -0.30123964771259504,
            -0.012887815736518534
        ],
        [
            -0.14134203185616756,
            -0.31782703910615484,
            -0.937554480147039,
            -0.7435131118956684
        ],
        [
            -0.9817916621519068,
            -0.07641243829893751,
            0.1739145520139325,
            0.7400390678543305
        ],
        [
            0.0,
            0.0,
            0.0,
            1.0
        ]
    ],
    [
        [
            -0.1246118580183333,
            0.9439641234225346,
            -0.30562005584114516,
            -0.01277132541512084
        ],
        [
            -0.13808923879247958,
            -0.3215227489734865,
            -0.9367787807280041,
            -0.7462252766700432
        ],
        [
            -0.9825493610862165,
            -0.07453090354784658,
            0.1704168343955763,
            0.7382973903464131
        ],
        [
            0.0,
            0.0,
            0.0,
            1.0
        ]
    ],
    [
        [
            -0.1226692984252673,
            0.9432451923711466,
            -0.30861100157410304,
            -0.012785833833921418
        ],
        [
            -0.13433423351019413,
            -0.32387862781367394,
            -0.936513186320812,
            -0.7489098555055353
        ],
        [
            -0.983314068307314,
            -0.07342439318271521,
            0.16644008397819526,
            0.7364565728670477
        ],
        [
            0.0,
            0.0,
            0.0,
            1.0
        ]
    ],
    [
        [
            -0.12160357018631052,
            0.9428209062779598,
            -0.31032452433404256,
            -0.01288226293915478
        ],
        [
            -0.12974450373218732,
            -0.32506078724144816,
            -0.9367506863350881,
            -0.751573107822892
        ],
        [
            -0.9840624652273003,
            -0.07364932642717598,
            0.1618543828494977,
            0.7345388482311974
        ],
        [
            0.0,
            0.0,
            0.0,
            1.0
        ]
    ],
    [
        [
            -0.12151087795169252,
            0.9426029450083544,
            -0.3110221770243816,
            -0.013009887036467589
        ],
        [
            -0.12425716122973646,
            -0.32532435166932844,
            -0.9374029144898464,
            -0.7542076879936257
        ],
        [
            -0.9847818359527839,
            -0.07525791833759438,
            0.15665561370393272,
            0.7325635599451448
        ],
        [
            0.0,
            0.0,
            0.0,
            1.0
        ]
    ],
    [
        [
            -0.12208150473437615,
            0.9425452544934784,
            -0.31097355101939844,
            -0.01314086100245081
        ],
        [
            -0.11809804472958618,
            -0.32488605961064987,
            -0.9383506274851175,
            -0.7567934801085467
        ],
        [
            -0.9854689026208989,
            -0.07782988823382209,
            0.1509753306493203,
            0.7305380503200012
        ],
        [
            0.0,
            0.0,
            0.0,
            1.0
        ]
    ],
    [
        [
            -0.12281913486172569,
            0.9426196249906621,
            -0.3104572477721862,
            -0.013265139218132615
        ],
        [
            -0.11164513293069456,
            -0.3239631461985757,
            -0.9394590167740196,
            -0.759306799482409
        ],
        [
            -0.9861292128340508,
            -0.0807225029814092,
            0.14502776667835576,
            0.7284554237650225
        ],
        [
            0.0,
            0.0,
            0.0,
            1.0
        ]
    ],
    [
        [
            -0.1233079529189523,
            0.9427622532958349,
            -0.30982976375341575,
            -0.013369563858436313
        ],
        [
            -0.10523917097835006,
            -0.3228748004106296,
            -0.9405724746937821,
            -0.761730018921672
        ],
        [
            -0.9867724487635063,
            -0.08337383894457584,
            0.139028548654285,
            0.7262968614832046
        ],
        [
            0.0,
            0.0,
            0.0,
            1.0
        ]
    ],
    [
        [
            -0.12336682214616287,
            0.9428509518971333,
            -0.3095362817186805,
            -0.013425405139438906
        ],
        [
            -0.09904559029323073,
            -0.32206017291117583,
            -0.9415238797119746,
            -0.764055740648319
        ],
        [
            -0.9874059946329181,
            -0.08549460527479391,
            0.1331167691610816,
            0.7240355804952976
        ],
        [
            0.0,
            0.0,
            0.0,
            1.0
        ]
    ],
    [
        [
            -0.123025424726765,
            0.9427438440101854,
            -0.30999804749658977,
            -0.013397785297789296
        ],
        [
            -0.09302544264482132,
            -0.3219506152034838,
            -0.9421751792479109,
            -0.7662837025904417
        ],
        [
            -0.9880339123185671,
            -0.08707379600658954,
            0.12730727456617977,
            0.7216403762012358
        ],
        [
            0.0,
            0.0,
            0.0,
            1.0
        ]
    ],
    [
        [
            -0.12237247908142465,
            0.9423575416571284,
            -0.3114277445016739,
            -0.013269968856552596
        ],
        [
            -0.08701682786795134,
            -0.32276492882481833,
            -0.9424706214988927,
            -0.7684125021537204
        ],
        [
            -0.988662251747919,
            -0.08823301197762401,
            0.12149850849327673,
            0.719077833948185
        ],
        [
            0.0,
            0.0,
            0.0,
            1.0
        ]
    ],
    [
        [
            -0.1213955628266096,
            0.941728474605404,
            -0.3137046340801957,
            -0.013062322237993768
        ],
        [
            -0.08087768944290269,
            -0.32437552764595057,
            -0.9424644907978169,
            -0.7704316866316999
        ],
        [
            -0.9893037534935303,
            -0.08903930133255755,
            0.115542572854433,
            0.7163137712348244
        ],
        [
            0.0,
            0.0,
            0.0,
            1.0
        ]
    ],
    [
        [
            -0.119928807585746,
            0.9410087690040745,
            -0.316416778582453,
            -0.012829178320636627
        ],
        [
            -0.07460702133311825,
            -0.3263584523435812,
            -0.9422971680694481,
            -0.7723208068359779
        ],
        [
            -0.989975188314768,
            -0.08940166240813657,
            0.1093456413388336,
            0.7133158539503904
        ],
        [
            0.0,
            0.0,
            0.0,
            1.0
        ]
    ],
    [
        [
            -0.11775012133175261,
            0.9403906623556545,
            -0.31906161016432283,
            -0.012633263301761675
        ],
        [
            -0.06836663436713086,
            -0.32821121036408457,
            -0.9421270639869407,
            -0.7740580981249053
        ],
        [
            -0.9906870909786136,
            -0.08912240765169777,
            0.10293825441834542,
            0.7100593671794695
        ],
        [
            0.0,
            0.0,
            0.0,
            1.0
        ]
    ],
    [
        [
            -0.11475839006096025,
            0.9400044244222752,
            -0.3212821096437889,
            -0.012513903845497353
        ],
        [
            -0.062383985628581884,
            -0.32959981470640876,
            -0.9420574295034214,
            -0.7756341982590331
        ],
        [
            -0.9914326756001687,
            -0.08806613544404063,
            0.09646556660406089,
            0.7065360798199242
        ],
        [
            0.0,
            0.0,
            0.0,
            1.0
        ]
    ],
    [
        [
            -0.11109068182625015,
            0.9398573738088494,
            -0.3229968688834484,
            -0.01246948997052862
        ],
        [
            -0.056799427374826406,
            -0.3304818269044373,
            -0.9421016861973006,
            -0.7770618830279155
        ],
        [
            -0.9921858119632989,
            -0.0863126814728763,
            0.09009681212834952,
            0.7027628433064573
        ],
        [
            0.0,
            0.0,
            0.0,
            1.0
        ]
    ],
    [
        [
            -0.10708176515751297,
            0.9398514116948825,
            -0.32436525631745367,
            -0.012463854617194473
        ],
        [
            -0.05156202152215794,
            -0.331051509972932,
            -0.9422028739508228,
            -0.7783755133739678
        ],
        [
            -0.9929123090723064,
            -0.08416781855185507,
            0.08391021876340368,
            0.6987843561273398
        ],
        [
            0.0,
            0.0,
            0.0,
            1.0
        ]
    ],
    [
        [
            -0.10310175774294372,
            0.9398570428375946,
            -0.32563594177990696,
            -0.012449556017685225
        ],
        [
            -0.04643624148373915,
            -0.3315717176373226,
            -0.9422865124471957,
            -0.7796211554921386
        ],
        [
            -0.9935862836347827,
            -0.0820300865024976,
            0.07782905550765451,
            0.6946661281049716
        ],
        [
            0.0,
            0.0,
            0.0,
            1.0
        ]
    ],
    [
        [
            -0.09940653556795234,
            0.9397893782068213,
            -0.32697746909536957,
            -0.012391954390960403
        ],
        [
            -0.041094182054220996,
            -0.33220211304957636,
            -0.9423125937217918,
            -0.7808436624151398
        ],
        [
            -0.9941979726833443,
            -0.08023515872130121,
            0.07164293696726595,
            0.6904794494842196
        ],
        [
            0.0,
            0.0,
            0.0,
            1.0
        ]
    ],
    [
        [
            -0.096095248881749,
            0.939647341152916,
            -0.3283726197578136,
            -0.012281851647178998
        ],
        [
            -0.03521600229568572,
            -0.3329022993804527,
            -0.9423035032565237,
            -0.7820770018029426
        ],
        [
            -0.9947489815650301,
            -0.07898691873634811,
            0.06508095223544721,
            0.6862858856070436
        ],
        [
            0.0,
            0.0,
            0.0,
            1.0
        ]
    ],
    [
        [
            -0.09314230940461604,
            0.9395082634841665,
            -0.3296190726334579,
            -0.012134454219953086
        ],
        [
            -0.028547575233096922,
            -0.3334421408046669,
            -0.9423382485519259,
            -0.7833406502532239
        ],
        [
            -0.99524346074068,
            -0.07836173543616021,
            0.05787825388129636,
            0.6821284801616067
        ],
        [
            0.0,
            0.0,
            0.0,
            1.0
        ]
    ],
    [
        [
            -0.09041749158757104,
            0.9394853051809599,
            -0.3304421864170047,
            -0.011978756752453502
        ],
        [
            -0.020926535135772584,
            -0.3335202788205982,
            -0.9425106385302194,
            -0.7846412804550278
        ],
        [
            -0.995684065023752,
            -0.0783044377061054,
            0.049816239252957195,
            0.6780299545892339
        ],
        [
            0.0,
            0.0,
            0.0,
            1.0
        ]
    ],
    [
        [
            -0.0876884142147594,
            0.9396625713068052,
            -0.3306735461109399,
            -0.011842533862163093
        ],
        [
            -0.012305634050270131,
            -0.33294872356960964,
            -0.9428646344221361,
            -0.7859768471258005
        ],
        [
            -0.9960719418712293,
            -0.0786091569631095,
            0.040758889317884794,
            0.6739924328452419
        ],
        [
            0.0,
            0.0,
            0.0,
            1.0
        ]
    ],
    [
        [
            -0.08468691952609347,
            0.940038311330999,
            -0.33038780076017427,
            -0.011738786197695413
        ],
        [
            -0.002756128776804423,
            -0.33179869064389617,
            -0.9433461891803887,
            -0.7873398803634855
        ],
        [
            -0.996403798374608,
            -0.07897849148318636,
